{
    "Paris": [2.355006, 48.87993],
    "Amsterdam": [4.900506, 52.378769],
    "Munich": [11.557766, 48.14045],
    "London": [-0.126133, 51.531427],
    "Madrid": [-3.690719, 40.405679],
    "Florence": [11.247401, 43.776565],
    "Vienna": [16.376485, 48.185223],
    "Zurich": [7.437358, 46.948635],
    "Budapest": [19.083991, 47.500173],
    "Rome": [12.50197, 41.899798],
    "Brussels": [4.357016, 50.845487],
    "Dublin": [-6.24715, 53.352548],
    "Barcelona": [2.140469, 41.378603],
    "Berlin": [13.369402, 52.525084],
    "Prague": [14.436055, 50.082891],
    "Milan": [9.204492, 45.485641]
}
