{
    "Paris": [48.87993, 2.355006],
    "Amsterdam": [52.378769, 4.900506],
    "Munich": [48.14045, 11.557766],
    "London": [51.531427, -0.126133],
    "Madrid": [40.405679, -3.690719],
    "Florence": [43.776565, 11.247401],
    "Vienna": [48.185223, 16.376485],
    "Zurich": [46.948635, 7.437358],
    "Budapest": [47.500173, 19.083991],
    "Rome": [41.899798, 12.50197],
    "Brussels": [50.845487,4.357016],
    "Dublin": [53.352548, -6.24715],
    "Barcelona": [41.378603, 2.140469],
    "Berlin": [52.525084, 13.369402],
    "Prague": [50.082891, 14.436055],
    "Milan": [45.485641, 9.204492]
}
